image: maps/map_2025-07-16_15-17-15/map_output.pgm
resolution: 0.005000
origin: [-2.610180, -2.053157, 0.0]
negate: 0
occupied_thresh: 0.65
free_thresh: 0.196
