image: map_2025-07-03_15-58-31/map_output.pgm
resolution: 0.005000
origin: [-1.251418, -0.881069, 0.0]
negate: 0
occupied_thresh: 0.65
free_thresh: 0.196
