image: maps/map_2025-10-08_21-19-15/map_output.pgm
resolution: 0.005000
origin: [-2.232617, -1.019996, 0.0]
negate: 0
occupied_thresh: 0.65
free_thresh: 0.196
