image: maps/map_2025-10-10_16-18-49/map_output.pgm
resolution: 0.005000
origin: [-4.180829, -1.011506, 0.0]
negate: 0
occupied_thresh: 0.65
free_thresh: 0.196
