image: maps/map_2025-10-10_10-14-56/map_output.pgm
resolution: 0.005000
origin: [-4.713605, -1.307272, 0.0]
negate: 0
occupied_thresh: 0.65
free_thresh: 0.196
