image: maps/map_2025-10-08_19-32-41/map_output.pgm
resolution: 0.005000
origin: [-1.847614, -3.413625, 0.0]
negate: 0
occupied_thresh: 0.65
free_thresh: 0.196
