image: maps/map_2025-10-09_14-57-50/map_output.pgm
resolution: 0.005000
origin: [-4.665001, -1.401926, 0.0]
negate: 0
occupied_thresh: 0.65
free_thresh: 0.196
