image: maps/map_2025-10-11_19-15-42/map_output.pgm
resolution: 0.005000
origin: [-1.983676, -1.563907, 0.0]
negate: 0
occupied_thresh: 0.65
free_thresh: 0.196
