image: maps/map_2026-01-21_15-14-39/map_output.pgm
resolution: 0.005000
origin: [-4.930070, -1.224510, 0.0]
negate: 0
occupied_thresh: 0.65
free_thresh: 0.196
