image: maps/map_2025-10-10_16-32-43/map_output.pgm
resolution: 0.005000
origin: [-4.865515, -3.865045, 0.0]
negate: 0
occupied_thresh: 0.65
free_thresh: 0.196
