image: maps/map_2025-07-16_15-28-18/map_output.pgm
resolution: 0.005000
origin: [-2.674918, -1.311408, 0.0]
negate: 0
occupied_thresh: 0.65
free_thresh: 0.196
