image: maps/map_2025-09-21_15-05-08/map_output.pgm
resolution: 0.005000
origin: [-2.047980, -0.876096, 0.0]
negate: 0
occupied_thresh: 0.65
free_thresh: 0.196
